1
3048 112 339
7
5
3050 114 341
3050 115 340
3049 114 338
3048 115 338
3047 116 338

1
3052 112 327
9
4
3054 116 326
3054 116 327
3054 116 329
3051 118 328

1
3046 112 331
7
4
3047 115 330
3047 116 333
3046 114 333
3045 115 333


1
3055 112 341
8
3
3055 117 340
3054 116 341
3054 115 343

1
3060 112 335
7
3
3061 115 334
3059 116 335
3061 115 337

1
3066 111 332
7
3
3067 113 331
3065 114 331
3065 114 332
	
	
2
3035 112 336
8
3
3037 116 335
3035 116 335
3034 115 335

3035 111 336
9
3
3037 116 335
3035 116 335
3034 115 335

2
3059 112 317
8
3
3058 115 317
3058 117 319
3059 115 319

3059 111 317
9
3
3058 115 317
3058 117 319
3059 115 319


1
3062 112 344
6
2
3063 114 343
3061 114 344

1
3058 112 327
9
2
3057 117 328
3058 117 326

1
3049 112 322
7
2
3049 115 324
3051 115 324
