

3052 112 327
6
3054 116 326
3054 116 327
3054 116 329
3053 119 329
3052 119 329
3051 118 328
		


3048 112 339
5
3050 114 341
3050 115 340
3049 114 338
3048 115 338
3047 116 338
		


3055 112 341
4
3057 117 341
3055 117 340
3054 116 341
3054 115 343
		
3060 112 335
4
3061 115 334
3060 117 334
3059 116 335
3061 115 337
		


3059 112 317
3
3058 115 317
3059 115 319
3058 117 319
	  
3066 111 332
3
3067 113 331
3065 114 331
3065 114 332
		
3046 112 331
3
3047 115 330
3047 116 333
3046 114 333
		
3062 112 334
3
3063 114 343
3061 114 334
3061 115 345
		
3035 112 336
3
3037 116 335
3035 116 335
3034 115 335
		


3049 112 322
2
3049 115 324
3051 115 324
		


3054 112 319
1
3055 115 321

3076 112 321
1
3075 115 323

3058 112 327
1
3057 117 328

3049 111 348
1
3050 114 347

3043 111 340
1
3044 113 339
